select vde.customer, vde.type, vde.`longValue`, vde.`startTimestamp`, vde.`timezoneOffset` from vital_data_epoch vde where vde.customer IN (
250,
363,
426,
494,
799,
1114,
1571,
1778,
1965,
2449,
2593,
2633,
2671,
2854,
2867,
3012,
3087,
3308,
3975,
4094,
4117,
4149,
4264,
4369,
4464,
4688,
4703,
4719,
4861,
5617,
5845,
6007,
6140,
6641,
6781,
6823,
7605,
7818,
7846,
7944,
7966,
8110,
8233,
8247,
8352,
8358,
8383,
8546,
8939,
9280,
9292,
9413,
9809,
9895,
10155,
10177,
10570,
10578,
10600,
11338,
11861,
12075,
12163,
12243,
12698,
13154,
13230,
13347,
13454,
13527,
13539,
13645,
13697,
13720,
13768,
13783,
14256,
14667,
14729,
15098,
15109,
15390,
15485,
15497,
16152,
16215,
16554,
16629,
16735,
16812,
16950,
16989,
17294,
17451,
17465,
17509,
18093,
18259,
18455,
18500,
18900,
18950,
19055,
19209,
19213,
19219,
19598,
20183,
20213,
20295,
20373,
20449,
21018,
21067,
21149,
21193,
21315,
21339,
21861,
22018,
22171,
22213,
22415,
22428,
22455,
22545,
22555,
22605,
22766,
22810,
22866,
23037,
23066,
23147,
23235,
23368,
23438,
23527,
23556,
23664,
23722,
23732,
23802,
24025,
24190,
24296,
24301,
24367,
24487,
24613,
24796,
24855,
24915,
24933,
25083,
25120,
25475,
25662,
25761,
25864,
25894,
26144,
26412,
26421,
26526,
26752,
26864,
27038,
27066,
27081,
27123,
27175,
27449,
27783,
27942,
27955,
27976,
28079,
28189,
28256,
28471,
28753,
28820,
29035,
29124,
29222,
29532,
29653,
29658,
29674,
29688,
29727,
29855,
29864,
29909,
29922,
30117,
30151,
30346,
30430,
30531,
30704,
30767,
30817,
30890,
31035,
31071,
31197,
31455,
31774,
31889,
31908,
32020,
32031,
32082,
32178,
32298,
32511,
32518,
32719,
33032,
33042,
33107,
33248,
33508,
33667,
34065,
34134,
34140,
34352,
34363,
34506,
35160,
35399,
35706,
35710,
35762,
35836,
35880,
35900,
35948,
36213,
36243,
36374,
36409,
36493,
36835,
36886,
37255,
37333,
37338,
37463,
37589,
37632,
37651,
37798,
38429,
38433,
38844,
39350,
39433,
39569,
40002,
40079,
40175,
40797,
40971,
41115,
41159,
41339,
41419,
41540,
41599,
41699,
41725,
41828,
41846,
41890,
42279,
42633,
42863,
42877,
42985,
43131,
43249,
43274,
43359,
43365,
43405,
43691,
43695,
43801,
43851,
43880,
43918,
44215,
44567,
44599,
44647,
44821,
44950,
45322,
45550,
45612,
45974,
45997,
46176,
46534,
46645,
46803,
46956,
47351,
47528,
47543,
47630,
47904,
48001,
48017,
48491,
48599,
48655,
48774,
48890,
48986,
49184,
49629,
49737,
49810,
49941,
49997,
50024,
50199,
50365,
50529,
50732,
51044,
51124,
51761,
52355,
52438,
52621,
52716,
53051,
53079,
53154,
53332,
53542,
53597,
53691,
53795,
53981,
54229,
54277,
54516,
54686,
54783,
54822,
54941,
55205,
55303,
55485,
55590,
55713,
55733,
55857,
56166,
56186,
56225,
56250,
56344,
56364,
56543,
56766,
56925,
57221,
57359,
57373,
57581,
57591,
57649,
57651,
57776,
58028,
58123,
58429,
59188,
59226,
59315,
59639,
59811,
59980,
59981,
59993,
60036,
60124,
60458,
60640,
61067,
61151,
61196,
61395,
61400,
61438,
61476,
61547,
61648,
61785,
62035,
62164,
62235,
62269,
62276,
62530,
62544,
62858,
62893,
63095,
63247,
63361,
63404,
63607,
63744,
63911,
64103,
64586,
64621,
64642,
64712,
64799,
64987,
65092,
65228,
65892,
65972,
66094,
66353,
66519,
66937,
66999,
67106,
67374,
67669,
68313,
68401,
68613,
68673,
68828,
69097,
69378,
69478,
69633,
69681,
69919,
70284,
70426,
70540,
70598,
70855,
71014,
71096,
71122,
71292,
71884,
72081,
72171,
72432,
72573,
72829,
73001,
73150,
73827,
73968,
74030,
74577,
74954,
75283,
75757,
75897,
76121,
76601,
76836,
76892,
77070,
77094,
77273,
77330,
77351,
77506,
77803,
77837,
77902,
77961,
77984,
78005,
78156,
78356,
78598,
78698,
79524,
79632,
79703,
79754,
79897,
80049,
80106,
80184,
80229,
80283,
80343,
80586,
80875,
81026,
81033,
81151,
81353,
81367,
81413,
81612,
81672,
81737,
81824,
81963,
82128,
82136,
82355,
82376,
82396,
82419,
82547,
82743,
82777,
82815,
82854,
82884,
83116,
83162,
83247,
83382,
83678,
84043,
84506,
84783,
85215,
85225,
85292,
85686,
85777,
85911,
86027,
86437,
86553,
86580,
86782,
87022,
87151,
87233,
87551,
87568,
87640,
87733,
87803,
87906,
88054,
88323,
88357,
88514,
88832,
89173,
89333,
89376,
89513,
89525,
89871,
90073,
90117,
90144,
90349,
90371,
90527,
90833,
91254,
91872,
91915,
91992,
92048,
92180,
92563,
92732,
92915,
93204,
93272,
93325,
93483,
93566,
93736,
93819,
93926,
93986,
94064,
94336,
94456,
94746,
95089,
95319,
95396,
95454,
95458,
95545,
95806,
95880,
96115,
96229,
96352,
96613,
96728,
97161,
97338,
97875,
98068,
98101,
98188,
98661,
98676,
98760,
98953,
99100,
99231,
99304,
99345,
99467,
99541,
99598,
99689,
99868,
99889,
100081,
100233,
100241,
100470,
100704,
100802,
100912,
101101,
101739,
102000,
102656,
102843,
102934,
103314,
103646,
104198,
104676,
104865,
105054,
105163,
105398,
105431,
105446,
105556,
106239,
106341,
106499,
106696,
106724,
106926,
107075,
107182,
107202,
107313,
107427,
107568,
108047,
108158,
108276,
108505,
108639,
108819,
108953,
109047,
109084,
109685,
110055,
110286,
110303,
110305,
110689,
110970,
111046,
111388,
111486,
111535,
112126,
112130,
112140,
112486,
112537,
112538,
112545,
112890,
112967,
112970,
113019,
113145,
113336,
113408,
113941,
114128,
114350,
114354,
114436,
114713,
114830,
114861,
115172,
115405,
115526,
115682,
115787,
116003,
116049,
116512,
116577,
117031,
117058,
117574,
117826,
118061,
118148,
118463,
118612,
119067,
119164,
119168,
119408,
120148,
120157,
120162,
120277,
120320,
120354,
120384,
120744,
120756,
121346,
121490,
121545,
121705,
121906,
122100,
122245,
122461,
122563,
122997,
123004,
123130,
123156,
123228,
123264,
123356,
123516,
123742,
123858,
124277,
124391,
124451,
124535,
124727,
124751,
124964,
124991,
125216,
125412,
125903,
126208,
126299,
126367,
126609,
126671,
126680,
126973,
126990,
127065,
127463,
127759,
127970,
128425,
128652,
128839,
129032,
129282,
129575,
129576,
129713,
129836,
129991,
130912,
131047,
131111,
131366,
132036,
132167,
132248,
132395,
132552,
133071,
133185,
133481,
133750,
134651,
134760,
134940,
134978,
135262,
135965,
136117,
136348,
137046,
137187,
137299,
137451,
138072,
138131,
138240,
138482,
138927,
139036,
139048,
139138,
139742,
139885,
140341,
140468,
141100,
141131,
141174,
142122,
142207,
143037,
143153,
143543,
144258,
144337,
144633,
144717,
144973,
145339,
145663,
146367,
146850,
147473,
147689,
147697,
147888,
148075,
148108,
148167,
148449,
148531,
148545,
148897,
149140,
149280,
149290,
149837,
149910,
150265,
150380,
150512,
150728,
150911,
150955,
150974,
151316,
151713,
151909,
152079,
152085,
152103,
152189,
152315,
152323,
152473,
152607,
152772,
152774,
152833,
153727,
153948,
154206,
154400,
154434,
154467,
155111,
155601,
155813,
156032,
156068,
156344,
156456,
156515,
156738,
157073,
157518,
157630,
157763,
158633,
158758,
159538,
159618,
160180,
160197,
160504,
160733,
161325,
161888,
161901,
162575,
162741,
162749,
162914,
162958,
163279,
163623,
163832,
164623,
164672,
164832,
165944,
166045,
166046,
166471,
166690,
166773,
166985,
167143,
167235,
167660,
167900,
167910,
168057,
168126,
168288,
168410,
168417,
168493,
168504,
169671,
169729,
169809,
170044,
170475,
170530,
170638,
170726,
171117,
171332,
171540,
171799,
172209,
172357,
172679,
173473,
173565,
173633,
173959,
174011,
174221,
174299,
174333,
175152,
175351,
175645,
176437,
176736,
176804,
176884,
177473,
177521,
178337,
178342,
178397,
178485,
179010,
179165,
179458,
179565,
179650,
180611,
180888,
181088,
181389,
181508,
182080,
182416,
182704,
182772,
182802,
182831,
183084,
183274,
183678,
183770,
183969,
183976,
185161,
185198,
185414,
186050,
186896,
187037,
187071,
187142,
187167,
187350,
187407,
187469,
187473,
187575,
187752,
187808,
188127,
188455,
188598,
188645,
188878,
189279,
189606,
189673,
189734,
190307,
190576,
191606,
192292,
193445,
193784,
194068,
194083,
194328,
194360,
194434,
194649,
195039,
195305,
195472,
195937,
195978,
196057,
196105,
196187,
196327,
196433,
196656,
196692,
196698,
196768,
196778,
196798,
196962,
197105,
197112,
197121,
197254,
197382,
197607,
198375,
198468,
199225,
199590,
199604,
199709,
200151,
200195,
200259,
200930,
201389,
201459,
201888,
202082,
202408,
202772,
202798,
203167,
203201,
203237,
203372,
203379,
203468,
204770,
204887,
205111,
205382,
205653,
205667,
206156,
206164,
206635,
206783,
206912,
206929,
207236,
207237,
207285,
207521,
207688,
207836,
208044,
208279,
208464,
208626,
209198,
209495,
209596,
209691,
209961,
210020,
210250,
210812,
211206,
211622,
211659,
211961,
212486,
212869,
213174,
214185,
214365,
214369,
214398,
214509,
214623,
215817,
215889,
216054,
216404,
216439,
217427,
217727,
217800,
217822,
217847,
217892,
218509,
218924,
218931,
219386,
219414,
219513,
219581,
219691,
219909,
219986,
220687,
220758,
221030,
221477,
221767,
222035,
223216,
223281,
223648,
223806,
223991,
224162,
224529,
224556,
224832,
224971,
225038,
225076,
225762,
225961,
226010,
226041,
226210,
226511,
226522,
226793,
227433,
227843,
228208,
228305,
228621,
229965,
230045,
230739,
230961,
231142,
231260,
231520,
231726,
231844,
231943,
232230,
232247,
232963,
233055,
233557,
233784,
233910,
234314,
234444,
234497,
234722,
234940,
235171,
235487,
235664,
235798,
236061,
236214,
236326,
236781,
236856,
237002,
238117,
238825,
238931,
239825,
240040,
240223,
240405,
240673,
240852,
241215,
241267,
241624,
241794,
241812,
241844,
242464,
242618,
242781,
243085,
243230,
243908,
244891,
245384,
246121,
246522,
246680,
247385,
247522,
248432,
248862,
249342,
249494,
249538,
249552,
249629,
249648,
249718,
249765,
249857,
250369,
250775,
250953,
251276,
251296,
251410,
251680,
251874,
252011,
252329,
252454,
252591,
252757,
252764,
253739,
254116,
254280,
254301,
254627,
254680,
255441,
256614,
256900,
257826,
257848,
257963,
258041,
258737,
258866,
258904,
259334,
259395,
259410,
259507,
259634,
259850,
266949,
267002,
267114,
267132,
267186,
267308,
268167,
268253,
268592,
268689,
268931,
269085,
269780,
269845,
270566,
270621,
270926,
271311,
271522,
271797,
272032,
272171,
272178,
272446,
272479,
272725,
272740,
273154,
273313,
274031,
274378,
274381,
275102,
275135,
275389,
275413,
275425,
275495,
275501,
275740,
275914,
275953,
275954,
276558,
276647,
276676,
277129,
277201,
277440,
277715,
277808,
278397,
278545,
278849,
279155,
280381,
281054,
281527,
281581,
281936,
282329,
282839,
283133,
283582,
284653,
284657,
284705,
285066,
285197,
285308,
285567,
285870,
285962,
286165,
286391,
286558,
287524,
287533,
288021,
288858,
288969,
289467,
289622,
289682,
289977,
290146,
290164,
290175,
290458,
290667,
290873,
290949,
291650,
291758,
292155,
292225,
292316,
292557,
293358,
293718,
294120,
294214,
294311,
294817,
295050,
295143,
295205,
295814,
296209,
296268,
296430,
296745,
296785,
297065,
297322,
297432,
297497,
297963,
298169,
298311,
298368,
298390,
298552,
298843,
298930,
299086,
299474,
300500,
300818,
300867,
300896,
301026,
301042,
301078,
301158,
301525,
301867,
302166,
302494,
302582,
303139,
304657,
304948,
305415,
305908,
306023,
306196,
306513,
307412,
307514,
307583,
307611,
307786,
308140,
308318,
308484,
308796,
308836,
309030,
309040,
309475,
310037,
310110,
310124,
310251,
311604,
312742,
312754,
312962,
313035,
313248,
313457,
313468,
313785,
313793,
313920,
314017,
314030,
314091,
314375,
314595,
314900,
314919,
314970,
316331,
316377,
316966,
317413,
317419,
317789,
318044,
318066,
318205,
318735,
319233,
319482,
319852,
320191,
320471,
320488,
320527,
320566,
320734,
320762,
321059,
321281,
321706,
322123,
322221,
323058,
323086,
323489,
323975,
323979,
324042,
324444,
324623,
324910,
324992,
325067,
325288,
325376,
325569,
325793,
325999,
326158,
326192,
326418,
326951,
327023,
327389,
327564,
327747,
327856,
327930,
327968,
328031,
328275,
329012,
329573,
329959,
330682,
330922,
331174,
331342,
331542,
331653,
332085,
332287,
332445,
332727,
332849,
332955,
333209,
333754,
333920,
334128,
334366,
334408,
334488,
334490,
334654,
335082,
335102,
335450,
335652,
335751,
335767,
336140,
336164,
336224,
336460,
337273,
337530,
338455,
338493,
338715,
338814,
338876,
338977,
339521,
339804,
340267,
340521,
340892,
341146,
341381,
341923,
342010,
342232,
342693,
342720,
343468,
343658,
344006,
344255,
344389,
344638,
345058,
345154,
345221,
345338,
345570,
345995,
346256,
346374,
346395,
346864,
346886,
346940,
347027,
347357,
347770,
347831,
347967,
348009,
348141,
348545,
348630,
349149,
349668,
349886,
350064,
350220,
350264,
350345,
350474,
352150,
352178,
352299,
352603,
352677,
352928,
353021,
353118,
353170,
353420,
353862,
354206,
354245,
354785,
354824,
354917,
355025,
355273,
356102,
356126,
356274,
356365,
356712,
356743,
356973,
357598,
357840,
358532,
358751,
358886,
359297,
359320,
359590,
359663,
360518,
360521,
360848,
361033,
361289,
362046,
362318,
362548,
362678,
362769,
362807,
362896,
362967,
362970,
363364,
363595,
363781,
364525,
365203,
365466,
365795,
366013,
366574,
367482,
367512,
368028,
368282,
368306,
368352,
368448,
369199,
369905,
369948,
370038,
370219,
370285,
370365,
371130,
371264,
371441,
371538,
371684,
371804,
372085,
372164,
372546,
373000,
373053,
373240,
373420,
373459,
373610,
373647,
374542,
375220,
375299,
375399,
375611,
375650,
375756,
375976,
376200,
376891,
377049,
377151,
377197,
377272,
377897,
378011,
378152,
378693,
379226,
379571,
380166,
380243,
380481,
380522,
380617,
380820,
380845,
381350,
381419,
381465,
381785,
381837,
382034,
382719,
383305,
383371,
383378,
385259,
385495,
385571,
385648,
386119,
386122,
386480,
386487,
387053,
387212,
387229,
387335,
387435,
387771,
387870,
388525,
388537,
388577,
388579,
388713,
388770,
389236,
389821,
389972,
390922,
390941,
392068,
392134,
392299,
393162,
393302,
394276,
394289,
394736,
394950,
395110,
395282,
395465,
395629,
395708,
395744,
396325,
396517,
396551,
396900,
396951,
397025,
397088,
397096,
397235,
397325,
397739,
398073,
398491,
399022,
399245,
399984,
400420,
400448,
400504,
400996,
401274,
402017,
402415,
402469,
403235,
403751,
403949,
404036,
404144,
404302,
404934,
405271,
405273,
405778,
405926,
405997,
406051,
407419,
407443,
407485,
407512,
407545,
407575,
407763,
407893,
408093,
408776,
408989,
409009,
409463,
409907,
410137,
410421,
410632,
411231,
411433,
411698,
411712,
411964,
412555,
412855,
412885,
413017,
413153,
413317,
413403,
414178,
414606,
414769,
415016,
415030,
415056,
415122,
415721,
416204,
416251,
416309,
416709,
416970,
416978,
417280,
417288,
417328,
417423,
417641,
417665,
418165,
418604,
418694,
418759,
418771,
418862,
419223,
419430,
420012,
420151,
420359,
420678,
421005,
421489,
421760,
421770,
422089,
422100,
422285,
422540,
423009,
423144,
423470,
423496,
423621,
423788,
424131,
424205,
424571,
425553,
426778,
426891,
427111,
428409,
428438,
428634,
429279,
429441,
429947,
429966,
430038,
430383,
430563,
430871,
430898,
431108,
431658,
431783,
431805,
431825,
431874,
431959,
432031,
432330,
432391,
432493,
433270,
433996,
434097,
434331,
435525,
435769,
435856,
436325,
436386,
436425,
436600,
436618,
437637,
438637,
438693,
439062,
439343,
439459,
439531,
439690,
439938,
440158,
440629,
440650,
440815,
441064,
441183,
441279,
441352,
441470,
441644,
441763,
441963,
442128,
442278,
442448,
442568,
442760,
442914,
443201,
443434,
443690,
443919,
444558,
444559,
444812,
444937,
444971,
445051,
445531,
446229,
446957,
446979,
447004,
447096,
447133,
447357,
448363,
448643,
448766,
448778,
449257,
449368,
449441,
450162,
450202,
450256,
450369,
450404,
450757,
450813,
451601,
451668,
451840,
451944,
451975,
452043,
452078,
452541,
452639,
452735,
452813,
453244,
453568,
454075,
454096,
454255,
454379,
454446,
454812,
454939,
455076,
455262,
456118,
456165,
456309,
456437,
456884,
457058,
457491,
457579,
458269,
458322,
458350,
458531,
458651,
458857,
458947,
458971,
459103,
459506,
459936,
460132,
460233,
460580,
460705,
461667,
461920,
462147,
462346,
462422,
462474,
462478,
462840,
463096,
463315,
463324,
463344,
463402,
463409,
463503,
463567,
464338,
464386,
465018,
465206,
465257,
465508,
466041,
466263,
466285,
466375,
466392,
467301,
467420,
467699,
467823,
468228,
468375,
468491,
468574,
469083,
469292,
469555,
469821,
470116,
471711,
471931,
472642,
473507,
473550,
473558,
474363,
474864,
475623,
475704,
476555,
476679,
476715,
476746,
476859,
476914,
477459,
477837,
478010,
478282,
478812,
479227,
480225,
480333,
480682,
480915,
481221,
481255,
481545,
481584,
481881,
481919,
482278,
482410,
483048,
483056,
483149,
483632,
484032,
484055,
484082,
485125,
485255,
485423,
485580,
486354,
486420,
486442,
486535,
486804,
486962,
487099,
487280,
487598,
487827,
488107,
488397,
488781,
489009,
489118,
489412,
490146,
490449,
490590,
490713,
491665,
491949,
491958,
492046,
492150,
492207,
492276,
492567,
492924,
493227,
493281,
493370,
493802,
493807,
494234,
494261,
494312,
494453,
494727,
494797,
494843,
495327,
495599,
495740,
495778,
496255,
496703,
496768,
497102,
497269,
497630,
497941,
497971,
498724,
499244,
499455,
499838,
500354,
500644,
500665,
500831,
500871,
500926,
501081,
501318,
501500,
502347,
502745,
502828,
502857,
502907,
503121,
503126,
504330,
504458,
505544,
505588,
505921,
506266,
506595,
506711,
506769,
507508,
508066,
508125,
508222,
508242,
508243,
508645,
509142,
509290,
510639,
510644,
510677,
510740,
511028,
511083,
511213,
511282,
511588,
512029,
512087,
512210,
512269,
512313,
512608,
512650,
512681,
512722,
512746,
513293,
513333,
513574,
514707,
515363,
515993,
516092,
516568,
516744,
516884,
516966,
517122,
517129,
517627,
517643,
517692,
517849,
517984,
518022,
518716,
518869,
518905,
519002,
519756,
520137,
520322,
520408,
520575,
521189,
521274,
521723,
521834,
521966,
522008,
522200,
522850,
523859,
523951,
524132,
524301,
524412,
524580,
525015,
525233,
525314,
526843,
526880,
526924,
527118,
527238,
527909,
527996,
528201,
528285,
528567,
529186,
529242,
529504,
529669,
529767,
529937,
531101,
531734,
531783,
531813,
531847,
531856,
532135,
532313,
532965,
533060,
533387,
533525,
534792,
535456,
535675,
536037,
536330,
536477,
536668,
536812,
536949,
537085,
537251,
537626,
537649,
537650,
537665,
537685,
537700,
537735,
538034,
538218,
538352,
538632,
538787,
539320,
539688,
539947,
540017,
540339,
540713,
540804,
540821,
540985,
541187,
541534,
541618,
541939,
542314,
542651,
542804,
542920,
543033,
543115,
543305,
543649,
543963,
544107,
544320,
545199,
545220,
545484,
545912,
546051,
546073,
546273,
546389,
546602,
546869,
547088,
547158,
547227,
547621,
548182,
548236,
548426,
548434,
548653,
548719,
549372,
549448,
549520,
549679,
550324,
550852,
551125,
551249,
551390,
552298,
552388,
552505,
552759,
553091,
553183,
553205,
553274,
553470,
553495,
553535,
553583,
553672,
553908,
554323,
555189,
555808,
555841,
556082,
556285,
556290,
556449,
556670,
556813,
556842,
556899,
556935,
557309,
557529,
557696,
558536,
559034,
559190,
559313,
559488,
560134,
560440,
560475,
560852,
560999,
561081,
561213,
561576,
562582,
563147,
563199,
563415,
564021,
564402,
564416,
564440,
564489,
564767,
565520,
566109,
566175,
567375,
567424,
567784,
568131,
568402,
569312,
569386,
569485,
569948,
570043,
570072,
570337,
570462,
570623,
570681,
570769,
570802,
570862,
571110,
571362,
572014,
572753,
572767,
572875,
572915,
572999,
573408,
574398,
574425,
574558,
575044,
575057,
575192,
575210,
575721,
575875,
576012,
576240,
576358,
576383,
576578,
576652,
577024,
577164,
577193,
578157,
578176,
578771,
579160,
579485,
579779,
580065,
580243,
580369,
580550,
580569,
580650,
580797,
581077,
581206,
581291,
581386,
581468,
581943,
581978,
582014,
582174,
582229,
582329,
582347,
582449,
582564,
582638,
582746,
582774,
583101,
583147,
583660,
583817,
584081,
584526,
584724,
584841,
584923,
585138,
585380,
585845,
585901,
586071,
586347,
586546,
586573,
586625,
587030,
587310,
588270,
588409,
588447,
588456,
588614,
588615,
588762,
588989,
589262,
589581,
589592,
589689,
589753,
590433,
590734,
590878,
591861,
592099,
592605,
592622,
592662,
592756,
592805,
593545,
594096,
594173,
594363,
594588,
595231,
595826,
596127,
596281,
596399,
597345,
597417,
597629,
598096,
598171,
598308,
598564,
598596,
600128,
601166,
601236,
602989,
603066,
603575,
604031,
604054,
604134,
604919,
605718,
605984,
606237,
606356,
606514,
606814,
606866,
606982,
607102,
607187,
607231,
607598,
607826,
607982,
608104,
608555,
608618,
609327,
609560,
609898,
610012,
610081,
610595,
610886,
611166,
611495,
612242,
612481,
612945,
613034,
613089,
613463,
613545,
614327,
614392,
614523,
614702,
615517,
615763,
615852,
616228,
616540,
617206,
617260,
617809,
618405,
619205,
619733,
619873,
619927,
619928,
620114,
620269,
621362,
621427,
621718,
622233,
622242,
623495,
623807,
624109,
624200,
624273,
624294,
625131,
625406,
625718,
625779,
625974,
626843,
627168,
627504,
628457,
628675,
628785,
629467,
629677,
629964,
629981,
630083,
630319,
630415,
630864,
631333,
631436,
635894,
635960,
635977,
638956,
639396,
639453,
639669,
639712,
639966,
640185,
640379,
640511,
640970,
640987,
641170,
641341,
641943,
641976,
642368,
642701,
643172,
643442,
643443,
643486,
643592,
643682,
643816,
644228,
644258,
644456,
645217,
645456,
645716,
646035,
646108,
646560,
647974,
648463,
648510,
649367,
649682,
649836,
650174,
650432,
650711,
650804,
650944,
651031,
651109,
652958,
653226,
653258,
653390,
653623,
653719,
654195,
654582,
655844,
655965,
656623,
656674,
656883,
657303,
657461,
657476,
657605,
657625,
657627,
657650,
657696,
657719,
657825,
658539,
659044,
659057,
659407,
659717,
660392,
660528,
660937,
661526,
662070,
662109,
662413,
662459,
662539,
662565,
662990,
664106,
664133,
664150,
664259,
664717,
665688,
665758,
666147,
666287,
666352,
666898,
667145,
667260,
667508,
667627,
667703,
668364,
668376,
668507,
668578,
668917,
669144,
669503,
669648,
669778,
670021,
670103,
670122,
670322,
670518,
670703,
672101,
672605,
672948,
673340,
673450,
673803,
674020,
674086,
674967,
675620,
675897,
675905,
675913,
676070,
676094,
676209,
676470,
676491,
676948,
677294,
677591,
677821,
677843,
677915,
678262,
678431,
678432,
678504,
678906,
679104,
679203,
679427,
679600,
679872,
679881,
679883,
679944,
680207,
680241,
680677,
680857,
681087,
681211,
681523,
681882,
682194,
682196,
682238,
682498,
682573,
682623,
682635,
682784,
683032,
683365,
683404,
683523,
683601,
683909,
684236,
684293,
684362,
684447,
684465,
685057,
686835,
687494,
687554,
687830,
687945,
688009,
688052,
688367,
688614,
688699,
688787,
688812,
688814,
689051,
689082,
689251,
689258,
689466,
689672,
690414,
690494,
690780,
690973,
691136,
691228,
691465,
691473,
691625,
691705,
691882,
692035,
692276,
692378,
692429,
693375,
693490,
693746,
695133,
695217,
695333,
696296,
696318,
696378,
696473,
697585,
697599,
697758,
697911,
698440,
698653,
698929,
699087,
699092,
699303,
699681,
700035,
700430,
700445,
700806,
700884,
700905,
701165,
701243,
701488,
701544,
702076,
702242,
702815,
702926,
702951,
702999,
703128,
703221,
703692,
704044,
704399,
704428,
704447,
704800,
704902,
705145,
705367,
705471,
705972,
706043,
706148,
706318,
706417,
706864,
707658,
708307,
708430,
708606,
708895,
709070,
709285,
709406,
709430,
709812,
710033,
710668,
711731,
712127,
712240,
712357,
713061,
713571,
713681,
713699,
714056,
714072,
714488,
715010,
715124,
715370,
715651,
715684,
715846,
715904,
715993,
716016,
716020,
716063,
716076,
716184,
717078,
717769,
718900,
718947,
719094,
719234,
719690,
719883,
720063,
720197,
720372,
720585,
721094,
721501,
721690,
721937,
722158,
722163,
722215,
722405,
723386,
723770,
723907,
724031,
724158,
724236,
724267,
724300,
724816,
724827,
724893,
725011,
725192,
725278,
725356,
725448,
725914,
726070,
726140,
726192,
726234,
726478,
726878,
727075,
727128,
727515,
727626,
727801,
728342,
728351,
728616,
729010,
729036,
729071,
729199,
729331,
729454,
729662,
729751,
730368,
730427,
730571,
730621,
730652,
731081,
731208,
731214,
731315,
731697,
731829,
732019,
732237,
732278,
732678,
732783,
732815,
732863,
732980,
733053,
733372,
733838,
733917,
734043,
734620,
734720,
734807,
735296,
735536,
735635,
735752,
736305,
736325,
736643,
737257,
738173,
738309,
738359,
738708,
738843,
739132,
739529,
739872,
740489,
740606,
741403,
741924,
742225,
743086,
743247,
743544,
743582,
743650,
744001,
744869,
745221,
745295,
745817,
746282,
746417,
746726,
746754,
746755,
746785,
747172,
747336,
747509,
747744,
747762,
747872,
748056,
748244,
749607,
749812,
750071,
750279,
750785,
751263,
751400,
751589,
751768,
751771,
751914,
751935,
751943,
751947,
752525,
752749,
753106,
753265,
753464,
753893,
753961,
754132,
754215,
754952,
755121,
755416,
755461,
755748,
755792,
755849,
755951,
756801,
757057,
757312,
757385,
757498,
757770,
758129,
758265,
758319,
758531,
759254,
759987,
760306,
760413,
760484,
760574,
760718,
761212,
761343,
761578,
761645,
761803,
761899,
762352,
762628,
762793,
763228,
763653,
763994,
764745,
764761,
765307,
765323,
765339,
765372,
765426,
765441,
765604,
766776,
766779,
766897,
767598,
767607,
767981,
768275,
768599,
768725,
768935,
769454,
769964,
770466,
771001,
771330,
771923,
772073,
772198,
772535,
772963,
773321,
773346,
773599,
773749,
774505,
774923,
774968,
775631,
776779,
777065,
777573,
778167,
778569,
778689,
778765,
779365,
779579,
779677,
779913,
780200,
780431,
781699,
781841,
781881,
781995,
782208,
782369,
782395,
782509,
782730,
782757,
783054,
783234,
783454,
783658,
783817,
784403,
784627,
784906,
785066,
785067,
785087,
785252,
785285,
785401,
786260,
786268,
786710,
787056,
787122,
787180,
787421,
787582,
787587,
787669,
788311,
788429,
788926,
789592,
789769,
789846,
789920,
790337,
790570,
791058,
791104,
792505,
792839,
792913,
793125,
793580,
794400,
794431,
794739,
794942,
795232,
796026,
796667,
797126,
798321,
798512,
798741,
799017,
799158,
800146,
800238,
800331,
800472,
800833,
801295,
801356,
801381,
803144,
804329,
804747,
804761,
804930,
804940,
806515,
806518,
806934,
807670,
807811,
807901,
808118,
808353,
808599,
808854,
809090,
809105,
809586,
810051,
810121,
810506,
812718,
813218,
813767,
813774,
814358,
814359,
814763,
814876,
815684,
815856,
816003,
816229,
816604,
817171,
817252,
817284,
817717,
817797,
818323,
819102,
819361,
819713,
820106,
820301,
821035,
821824,
822422,
822554,
823039,
823958,
824145,
824252,
824730,
825024,
825190,
825196,
825580,
826238,
827209,
827328,
827788,
827807,
827946,
828194,
828424,
828651,
828809,
828899,
829013,
829084,
829808,
829920,
829982,
830510,
830519,
830724,
830943,
831002,
831270,
831302,
831404,
831630,
832373,
832413,
832914,
832978,
833263,
833593,
834161,
834357,
834477,
834505,
834657,
835938,
835955,
836045,
836204,
836368,
836670,
837093,
837348,
837825,
837870,
838189,
838322,
838388,
838498,
839112,
839117,
839337,
839373,
839481,
839781,
839855,
840709,
841086,
841738,
842449,
842478,
842842,
843211,
843479,
844199,
844207,
845375,
845763,
846093,
846104,
846285,
846381,
846391,
846643,
847799,
848120,
848701,
848799,
848841,
848943,
848974,
849116,
849234,
849309,
849855,
849920,
850098,
850994,
851720,
852333,
852371,
852587,
853006,
853312,
853419,
853706,
854427,
855045,
855855,
856377,
856701,
857236,
857943,
858210,
858385,
858491,
859236,
859666,
860319,
860446,
861126,
861202,
861215,
861309,
861695,
862884,
863340,
863367,
863666,
863707,
864041,
864164,
864263,
864282,
864820,
865174,
865596,
865620,
866103,
866225,
866702,
867304,
867445,
867893,
868060,
868162,
868755,
869280,
869492,
869650,
870469,
870515,
870638,
870654,
871197,
871527,
871717,
871994,
872046,
872879,
873326,
873374,
873452,
873743,
873775,
874176,
874859,
874896,
875526,
875634,
875850,
875927,
876187,
876289,
876296,
877009,
877432,
877702,
878541,
879290,
879453,
879497,
879939,
880798,
881125,
881535,
881883,
882203,
882513,
882732,
883336,
883671,
884280,
884287,
884410,
884766,
885025,
885027,
885141,
885534,
885709,
886359,
886682,
886760,
888188,
888195,
888357,
888389,
888420,
888585,
888826,
889220,
889886,
889995,
890291,
890388,
890461,
890466,
890773,
891084,
891686,
891717,
891904,
893049,
893557,
893881,
893964,
894191,
894203,
894230,
894596,
894666,
894727,
894852,
894874,
895366,
895943,
896765,
897500,
897949,
898411,
898478,
898625,
898984,
899075,
899164,
899925,
900186,
900270,
900321,
900659,
900943,
901081,
901533,
901607,
901685,
901985,
902429,
902889,
902934,
903281,
903778,
903807,
905294,
908924,
911977,
914435,
914659,
915171,
915269,
915280,
915725,
916445,
919472,
919609,
920037,
920588,
920959,
921711,
921986,
922043,
922247,
923481,
923910,
924001,
924833,
925019,
925393,
925458,
926222,
926332,
926844,
926862,
926893,
928448,
928800,
929077,
930062,
930251,
930606,
931088,
931766,
932339,
932376,
932583,
932943,
933364,
934458,
934673,
936330,
937769,
938094,
938214,
938444,
939793,
939940,
940304,
941038,
941706,
942282,
942568,
942806,
943148,
943250,
943991,
944293,
944599,
945097,
945219,
945263,
945378,
945727,
945833,
946898,
947628,
947775,
948046,
948157,
948361,
948603,
949224,
949454,
949571,
949617,
949913,
950166,
950297,
950755,
950777,
950873,
951308,
951533,
951634,
952669,
952881,
952960,
952975,
953297,
953521,
953532,
953660,
954224,
954605,
954838,
954856,
954983,
955068,
955101,
956031,
956359,
956550,
956624,
956894,
957033,
957366,
957590,
957681,
958405,
959100,
959169,
959489,
960035,
960544,
960655,
960729,
960737,
960989,
961066,
961653,
961900,
962016,
962056,
962138,
962281,
962575,
962858,
963184,
963203,
963364,
963491,
964315,
964377,
964406,
964417,
964439,
964449,
964456,
964477,
964725,
965243,
965303,
965416,
965508,
965687,
965789,
965941,
966247,
966301,
966391,
966547,
966908,
967101,
967247,
967336,
967585,
967615,
968172,
968421,
968629,
968921,
969223,
969693,
969897,
971047,
971307,
971587,
972659,
972958,
973162,
973377,
974110,
975150,
975453,
976004,
976581,
977117,
977404,
977498,
977945,
978176,
978433,
978983,
979054,
979086,
979118,
979127,
979405,
979878,
979984,
980069,
981005,
981104,
981179,
982244,
982595,
982741,
982822,
983211,
983500,
983940,
984355,
984423,
984624,
984666,
984730,
985208,
985379,
986623,
986907,
986932,
987140,
987347,
987573,
987706,
988137,
988226,
988604,
988618,
989011,
989039,
989796,
989868,
989960,
990175,
990192,
990313,
990613,
990625,
990807,
991076,
991199,
991541,
991908,
992202,
992212,
992244,
992254,
992420,
992810,
993238,
993270,
993973,
994433,
995015,
995100,
995281,
995381,
995555,
995919,
996230,
996591,
996677,
996967,
997092,
997447,
997552,
997553,
997890,
998608,
998668,
998953,
999285,
999423,
999487,
999655,
999799,
1000480,
1000517,
1000789,
1001420,
1002218,
1002876,
1003718,
1003783,
1003888,
1004710,
1004733,
1004800,
1004836,
1005003,
1005020,
1006088,
1006599,
1006917,
1007207,
1007239,
1007324,
1007727,
1008877,
1009135,
1009445,
1009519,
1009594,
1009774,
1010306,
1010407,
1010708,
1011028,
1012230,
1012571,
1012919,
1013601,
1014737,
1015265,
1016210,
1016251,
1017689,
1021980,
1022876,
1024458,
1024926,
1025120,
1025128,
1030047,
1031404,
1031520,
1033350,
1034677,
1035667,
1036608,
1036970,
1037235,
1038328,
1038991,
1039300,
1041520,
1041750,
1042085,
1044306,
1044783,
1044983,
1045114,
1045255,
1045612,
1046562,
1046566,
1046693,
1047759,
1047897,
1048125,
1049170,
1049887,
1050069,
1050125,
1050224,
1050924,
1051427,
1051857,
1052812,
1053413,
1053683,
1054814,
1054869,
1055315,
1055456,
1055872,
1056215,
1056324,
1056468,
1057519,
1057630,
1058989,
1059870,
1060301,
1060768,
1061641,
1061862,
1063083,
1064368,
1064648,
1064856,
1064932,
1065402,
1065637,
1065979,
1066974,
1066985,
1067329,
1067361,
1067500,
1067555,
1067947,
1067950,
1068020,
1068384,
1068636,
1068813,
1068876,
1069132,
1069207,
1069329,
1069466,
1069621,
1069640,
1069815,
1069890,
1070121,
1070325,
1070367,
1070994,
1071228,
1071312,
1071616,
1071871,
1071913,
1071949,
1072382,
1072655,
1073026,
1073084,
1073204,
1073490,
1073546,
1073818,
1073836,
1073977,
1074283,
1074450,
1074554,
1074636,
1074704,
1074739,
1074903,
1075017,
1075042,
1075132,
1075173,
1075378,
1075525,
1075735,
1075974,
1076100,
1076679,
1076806,
1077127,
1077286,
1077713,
1077725,
1077779,
1077834,
1077956,
1078273,
1078341,
1078405,
1078441,
1078442,
1078681,
1079127,
1079261,
1079391,
1079844,
1079917,
1080671,
1080915,
1081326,
1081401,
1081406,
1081529,
1081705,
1081990,
1082056,
1082119,
1082137,
1082326,
1082398,
1082409,
1082602,
1082651,
1082855,
1082999,
1083130,
1083139,
1083398,
1083571,
1083726,
1083852,
1083886,
1083905,
1084058,
1084061,
1084122,
1084535,
1084546,
1084706,
1084718,
1084730,
1084782,
1084937,
1084946,
1085094,
1085226,
1085436,
1085584,
1085594,
1085636,
1085880,
1085928,
1086032,
1086040,
1086189,
1086202,
1086219,
1086506,
1086587,
1087029,
1087291,
1087422,
1087589,
1087609,
1087648,
1087802,
1087876,
1088030,
1088466,
1088505,
1088562,
1088587,
1088645,
1088729,
1088858,
1089024,
1089182,
1089520,
1089656,
1089951,
1089990,
1090001,
1090182,
1090683,
1090759,
1090810,
1090817,
1090857,
1091356,
1091414,
1091675,
1091846,
1091936,
1092200,
1092245,
1092301,
1092449,
1092653,
1092704,
1092751,
1093553,
1093753,
1093953,
1094132,
1094278,
1094404,
1094471,
1094502,
1094642,
1094875,
1094981,
1095123,
1095180,
1095300,
1095413,
1095465,
1095467,
1095576,
1095604,
1095723,
1095769,
1095788,
1095988,
1096093,
1096186,
1096215,
1096248,
1096495,
1096650,
1096653,
1096808,
1096969,
1097137,
1097201,
1097209,
1097251,
1097313,
1097320,
1097410,
1097524,
1097665,
1097787,
1097830,
1097843,
1097877,
1097971,
1098423,
1098462,
1098484,
1098505,
1098525,
1098550,
1098558,
1098591,
1098674,
1098826,
1098835,
1098923,
1098973,
1099016,
1099060,
1099115,
1099209,
1099283,
1099487,
1099565,
1099726,
1099787,
1099859,
1100021,
1100082,
1100205,
1100248,
1100319,
1100338,
1100552,
1100813,
1100867,
1100876,
1100885,
1101057,
1101067,
1101162,
1101226,
1101246,
1101373,
1101490,
1101569,
1101646,
1101804,
1101940,
1102172,
1102273,
1102387,
1102418,
1102550,
1102601,
1102629,
1102649,
1102684,
1102725,
1102749,
1102954,
1103261,
1103359,
1103415,
1103553,
1103745,
1103934,
1104090,
1104147,
1104317,
1104330,
1104423,
1104457,
1104494,
1104661,
1104717,
1104721,
1104780,
1104790,
1104902,
1104913,
1105042,
1105239,
1105264,
1105294,
1105402,
1105605,
1105620,
1105706,
1105716,
1105751,
1105807,
1106114,
1106173,
1106282,
1106338,
1106538,
1106717,
1106720,
1106974,
1106975,
1107030,
1107094,
1107128,
1107205,
1107293,
1107320,
1107368,
1107410,
1107458,
1107571,
1107659,
1107702,
1107901,
1107932,
1107967,
1108166,
1108255,
1108400,
1108431,
1108586,
1108711,
1108843,
1108931,
1109026,
1109027,
1109035,
1109397,
1109404,
1109451,
1109484,
1109577,
1109583,
1109741,
1109885,
1109889,
1109905,
1109915,
1110028,
1110097,
1110150,
1110452,
1110561,
1110583,
1110770,
1110787,
1110819,
1111062,
1111139,
1111254,
1111292,
1111381,
1111565,
1111593,
1111617,
1111851,
1112256,
1112284,
1112404,
1112513,
1112621,
1112635,
1112639,
1112797,
1112814,
1112884,
1112963,
1112987,
1113003,
1113120,
1113169,
1113253,
1113535,
1113672,
1113677,
1113791,
1113939,
1114149,
1114207,
1114221,
1114228,
1114276,
1114799,
1115031,
1115254,
1115442,
1115639,
1116138,
1116315,
1116520,
1116608,
1116633,
1116801,
1116921,
1117059,
1117115,
1117126,
1117153,
1117157,
1117249,
1117283,
1117328,
1117769,
1117969,
1117982,
1118000,
1118127,
1118268,
1118277,
1118666,
1118681,
1118986,
1119087,
1119128,
1119146,
1119215,
1119398,
1119412,
1119418,
1119783,
1119785,
1119902,
1120065,
1120207,
1120246,
1120352,
1120609,
1120950,
1121055,
1121069,
1121081,
1121348,
1121383,
1121616,
1121624,
1121652,
1121702,
1121754,
1121776,
1121837,
1121874,
1121946,
1122030,
1122088,
1122163,
1122202,
1122231,
1122288,
1122322,
1122458,
1122674,
1122678,
1122727,
1122741,
1122746,
1122815,
1122866,
1123177,
1123265,
1123331,
1123612,
1123615,
1123618,
1123698,
1123730,
1123890,
1123907,
1123942,
1123996,
1124232,
1124475,
1124790,
1124799,
1124885,
1125078,
1125354,
1125415,
1125456,
1125737,
1125964,
1126131,
1126140,
1126498,
1126531,
1126770,
1126889,
1126930,
1127037,
1127058,
1127210,
1127237,
1127262,
1127278,
1127399,
1127582,
1127666,
1127800,
1127817,
1127828,
1128044,
1128045,
1128209,
1128415,
1128462,
1128662,
1129003,
1129036,
1129085,
1129133,
1129147,
1129163,
1129177,
1129312,
1129321,
1129331,
1129352,
1129393,
1129699,
1129838,
1129839,
1129923,
1130029,
1130109,
1130136,
1130509,
1130523,
1130717,
1130765,
1130839,
1130918,
1131077,
1131817,
1131935,
1131936,
1131978,
1132036,
1132045,
1132167,
1132320,
1132327,
1132457,
1132493,
1132508,
1132664,
1132669,
1132733,
1132746,
1132863,
1132920,
1133445,
1133921,
1133929,
1134103,
1134268,
1134347,
1134405,
1134474,
1134645,
1134743,
1134760,
1134828,
1134844,
1134941,
1135010,
1135048,
1135052,
1135107,
1135145,
1135241,
1135262,
1135439,
1135640,
1135646,
1135768,
1135777,
1135793,
1135798,
1135867,
1136031,
1136260,
1136277,
1136281,
1136309,
1136620,
1136721,
1136734,
1136849,
1136943,
1137073,
1137221,
1137283,
1137350,
1137360,
1137467,
1137486,
1137824,
1137901,
1138075,
1138276,
1138295,
1138324,
1138392,
1138767,
1138796,
1138878,
1139027,
1139050,
1139367,
1139381,
1139432,
1139676,
1139733,
1139878,
1140238,
1140690,
1140699,
1141683,
1141751,
1141831,
1141916,
1142509,
1142577,
1142788,
1142886,
1143206,
1143207,
1143301,
1143476,
1143886,
1143994,
1144256,
1144899,
1144982,
1144987,
1145024,
1145267,
1145298,
1145965,
1146475,
1146485,
1146561,
1146678,
1146733,
1146750,
1147057,
1147144,
1147273,
1147422,
1147530,
1147618,
1148065,
1148332,
1148391,
1148486,
1148671,
1148752,
1148940,
1149243,
1149260,
1149359,
1149547,
1149568,
1149757,
1149832,
1149848,
1149994,
1150124,
1150407,
1150990,
1151019,
1151059,
1151140,
1151235,
1151276,
1151483,
1151490,
1151525,
1151573,
1151809,
1151989,
1152192,
1152277,
1152567,
1152607,
1152796,
1152897,
1153075,
1153428,
1153559,
1153837,
1154309,
1154481,
1154487,
1154588,
1154607,
1154611,
1154795,
1154815,
1154955,
1155101,
1155220,
1155405,
1155541,
1155667,
1155684,
1155761,
1155881,
1156212,
1156239,
1156306,
1156504,
1156554,
1156662,
1156664,
1156716,
1156831,
1156852,
1156917,
1157441,
1205778,
1206215,
1206335,
1207371,
1207554,
1208096,
1212348,
1216523,
1226184,
1232729
) and vde.type in (3002)

